# campaign: 2024-09-08 00:00:00 2024-09-30 00:00:00
# time[s] S_t[W/m2]
0 0.0
600 0.0
1200 0.0
1800 0.0
2400 0.0
3000 0.0
3600 0.0
4200 0.0
4800 0.0
5400 0.0
6000 0.0
6600 0.0
7200 0.0
7800 0.0
8400 0.0
9000 0.0
9600 0.0
10200 0.0
10800 0.0
11400 0.0
12000 0.0
12600 0.0
13200 0.0
13800 0.0
14400 0.0
15000 0.0
15600 0.0
16200 0.0
16800 0.0
17400 17.28961617663924
18000 34.70656915111212
18600 52.12921764846233
19200 69.52439666703603
19800 86.8589934948947
20400 104.10001074174195
21000 121.21462915133318
21600 138.17027007479444
22200 154.93465748593226
22800 171.4758794204841
23400 187.76244872235597
24000 203.7633629812135
24600 219.44816354733263
25200 234.78699351136993
25800 249.7506545386867
26400 264.3106624500383
27000 278.43930144282933
27600 292.10967684971723
28200 305.2957663341415
28800 317.9724694253207
29400 330.11565529842363
30000 341.7022087089676
30600 352.7100739939987
31200 363.1182970563009
31800 372.90706525171043
32400 382.05774510360993
33000 390.55291777281064
33600 398.376412215303
34200 405.51333596475695
34800 411.9501034811795
35400 417.67446201176114
36000 422.6755149146875
36600 426.94374240151666
37200 430.4710196586374
37800 433.25063231331313
38400 435.27728921487306
39000 436.54713250671745
39600 437.05774496996696
40200 436.80815462477653
40800 435.79883658055405
41400 434.0317121315626
42000 431.5101450996276
42600 428.2389354309107
43200 424.2243100589399
43800 419.4739110512871
44400 413.9967810624583
45000 407.8033461206871
45600 400.90539578139686
46200 393.31606068511223
46800 385.0497875625389
47400 376.12231173438965
48000 366.5506271583079
48600 356.35295407990355
49200 345.54870434947884
49800 334.15844447046914
50400 322.20385644993416
51000 309.7076965256256
51600 296.6937518481943
52200 283.18679520099835
52800 269.2125378437008
53400 254.79758056942595
54000 239.96936306863824
54600 224.75611169613128
55200 209.18678574055664
55800 193.29102229877444
56400 177.09907985995181
57000 160.64178070681007
57600 143.95045224366038
58200 127.05686736290437
58800 109.99318396353199
59400 92.79188373672953
60000 75.48571033513693
60600 58.10760704344327
61200 40.69065406897029
61800 23.26800557161999
62400 5.872826553046385
63000 0.0
63600 0.0
64200 0.0
64800 0.0
65400 0.0
66000 0.0
66600 0.0
67200 0.0
67800 0.0
68400 0.0
69000 0.0
69600 0.0
70200 0.0
70800 0.0
71400 0.0
72000 0.0
72600 0.0
73200 0.0
73800 0.0
74400 0.0
75000 0.0
75600 0.0
76200 0.0
76800 0.0
77400 0.0
78000 0.0
78600 0.0
79200 0.0
79800 0.0
80400 0.0
81000 0.0
81600 0.0
82200 0.0
82800 0.0
83400 0.0
84000 0.0
84600 0.0
85200 0.0
85800 0.0
86400 0.0
87000 0.0
87600 0.0
88200 0.0
88800 0.0
89400 0.0
90000 0.0
90600 0.0
91200 0.0
91800 0.0
92400 0.0
93000 0.0
93600 0.0
94200 0.0
94800 0.0
95400 0.0
96000 0.0
96600 0.0
97200 0.0
97800 0.0
98400 0.0
99000 0.0
99600 0.0
100200 0.0
100800 0.0
101400 0.0
102000 0.0
102600 0.0
103200 0.0
103800 14.612238573372453
104400 32.03907911815813
105000 49.47039352272951
105600 66.87300028938608
106200 84.21377256704835
106800 101.45970121010048
107400 118.57795761317597
108000 135.5359562022736
108600 152.30141646324918
109200 168.84242438960962
109800 185.12749323263753
110400 201.12562343820758
111000 216.80636165619904
111600 232.13985871017925
112200 247.09692641700676
112800 261.6490931481973
113400 275.7686580272876
114000 289.4287436600262
114600 302.6033472970225
115200 315.26739033145856
115800 327.3967660376407
116400 338.9683854595238
117000 349.96022136185024
117600 360.35135016024503
118200 370.1219917504472
118800 379.25354716086275
119400 387.7286339567643
120000 395.5311193287436
120600 402.6461508024306
121200 409.0601845110232
121800 414.7610109768074
122400 419.73777835259153
123000 423.98101307881507
123600 427.48263791700697
124200 430.2359873252681
124800 432.2358201465099
125400 433.47832958529403
126000 433.9611504542842
126600 433.68336367651443
127200 432.6454980349047
127800 430.8495291656921
128400 428.2988757976954
129000 424.99839324457037
129600 420.954364162444
130200 416.17448659052155
130800 410.6678592974318
131400 404.4449644612034
132000 397.51764771584334
132600 389.89909560249924
133200 381.6038104681291
133800 372.6475828594594
134400 363.047461464782
135000 352.82172066080676
135600 341.9898257263473
136200 330.5723957890558
136800 318.59116457574254
137400 306.06893904099053
138000 293.0295559528218
138600 279.497836518055
139200 265.4995391337269
139800 251.06131035451943
140400 236.21063416952944
141000 220.97577968493243
141600 205.3857473121315
142200 189.470213563829
142800 173.25947456309405
143400 156.78438837297207
144000 140.0763162564099
144600 123.16706297830517
145200 106.08881626333272
145800 88.87408552477767
146400 71.55563998102272
147000 54.1664462774768
147600 36.73960573269094
148200 19.308291328119477
148800 1.9056845614629951
149400 0.0
150000 0.0
150600 0.0
151200 0.0
151800 0.0
152400 0.0
153000 0.0
153600 0.0
154200 0.0
154800 0.0
155400 0.0
156000 0.0
156600 0.0
157200 0.0
157800 0.0
158400 0.0
159000 0.0
159600 0.0
160200 0.0
160800 0.0
161400 0.0
162000 0.0
162600 0.0
163200 0.0
163800 0.0
164400 0.0
165000 0.0
165600 0.0
166200 0.0
166800 0.0
167400 0.0
168000 0.0
168600 0.0
169200 0.0
169800 0.0
170400 0.0
171000 0.0
171600 0.0
172200 0.0
172800 0.0
173400 0.0
174000 0.0
174600 0.0
175200 0.0
175800 0.0
176400 0.0
177000 0.0
177600 0.0
178200 0.0
178800 0.0
179400 0.0
180000 0.0
180600 0.0
181200 0.0
181800 0.0
182400 0.0
183000 0.0
183600 0.0
184200 0.0
184800 0.0
185400 0.0
186000 0.0
186600 0.0
187200 0.0
187800 0.0
188400 0.0
189000 0.0
189600 0.0
190200 11.928609222490785
190800 29.364486930705358
191400 46.80360784620788
192000 64.2127756111606
192600 81.55885088525085
193200 98.80881442830768
193800 115.92982995430313
194400 132.88930663708857
195000 149.65496114888475
195600 166.19487911343077
196200 182.47757585681376
196800 198.4720563403347
197400 214.1478741613263
198000 229.47518950961114
198600 244.42482596927627
199200 258.96832605763836
199800 273.0780053956813
200400 286.72700540684326
201000 299.88934444384415
201600 312.5399672462291
202200 324.65479263447907
202800 336.210759349906
203400 347.1858699530688
204000 357.5592326971498
204600 367.3111012965824
205200 376.42291251522744
205800 384.87732150254874
206400 392.65823481052195
207000 399.7508410284268
207600 406.1416389772104
208200 411.818463409748
208800 416.77050816808253
209400 420.98834675356085
210000 424.46395027070906
210600 427.1907027106918
211200 429.1634135452614
211800 430.37832760722245
212400 430.8331322386069
213000 430.52696169294944
213600 429.4603987832854
214200 427.6354737727328
214800 425.0556605097712
215400 421.7258698155735
216000 417.65244013597925
216600 412.843125475902
217200 407.3070806391408
217800 401.0548438016907
218400 394.09831645172574
219000 386.4507407344396
219600 378.12667424487006
220200 369.141962316689
220800 359.51370785970926
221400 349.26023880352403
222000 338.4010732092509
222600 326.9568821157929
223200 314.949450191342
223800 302.4016342650242
224400 289.3373198176262
225000 275.7813755142261
225600 261.75960586527475
226200 247.2987021062441
226800 232.42619138934378
227400 217.17038438402156
228000 201.56032138599488
228600 185.6257170373995
229200 169.39690376327619
229800 152.9047740320771
230400 136.1807215500982
231000 119.2565815017708
231600 102.16456994958293
232200 84.9372225089699
232800 67.60733241492377
233400 50.20788809820543
234000 32.772010389990676
234600 15.33288947448815
235200 0.0
235800 0.0
236400 0.0
237000 0.0
237600 0.0
238200 0.0
238800 0.0
239400 0.0
240000 0.0
240600 0.0
241200 0.0
241800 0.0
242400 0.0
243000 0.0
243600 0.0
244200 0.0
244800 0.0
245400 0.0
246000 0.0
246600 0.0
247200 0.0
247800 0.0
248400 0.0
249000 0.0
249600 0.0
250200 0.0
250800 0.0
251400 0.0
252000 0.0
252600 0.0
253200 0.0
253800 0.0
254400 0.0
255000 0.0
255600 0.0
256200 0.0
256800 0.0
257400 0.0
258000 0.0
258600 0.0
259200 0.0
259800 0.0
260400 0.0
261000 0.0
261600 0.0
262200 0.0
262800 0.0
263400 0.0
264000 0.0
264600 0.0
265200 0.0
265800 0.0
266400 0.0
267000 0.0
267600 0.0
268200 0.0
268800 0.0
269400 0.0
270000 0.0
270600 0.0
271200 0.0
271800 0.0
272400 0.0
273000 0.0
273600 0.0
274200 0.0
274800 0.0
275400 0.0
276000 0.0
276600 9.23909461703243
277200 26.683147140304197
277800 44.12920470564159
278400 61.5440577509
279000 78.89455611351221
279600 96.14767213370726
280200 113.2705635245374
280800 130.230635889039
281400 146.99560476551852
282000 163.53355708286105
282600 179.81301190887484
283200 195.8029803760349
283800 211.47302467055343
284400 226.79331597248878
285000 241.73469123659953
285600 256.26870870585753
286200 270.36770205195126
286800 284.0048330397118
287400 297.1541426152196
288000 309.79060032034045
288600 321.89015193962297
289200 333.4297652888665
289800 344.38747405819186
290400 354.74241962616117
291000 364.4748907653494
291600 373.5663611637853
292200 381.99952469084025
292800 389.7583283404308
293400 396.82800278882826
294000 403.19509050890616
294600 408.84747138730785
295200 413.7743857957707
295800 417.96645507269085
296400 421.415699375938
297000 424.11555287293885
297600 426.0608762391119
298200 427.247966440865
298800 427.67456378452914
299400 427.3398562178145
300000 426.2444808755978
300600 424.39052286710006
301200 421.78151130676264
301800 418.42241259637694
302400 414.31962097125705
303000 409.48094632844874
303600 403.91559936014687
304200 397.63417402061935
304800 390.64862736001277
305400 382.9722567634281
306000 374.61967463859236
306600 365.60678060030995
307200 355.95073120464195
307800 345.6699072904272
308400 334.78387899031026
309000 323.3133684778815
309600 311.28021052184295
310200 298.70731092228357
310800 285.61860290818817
311400 272.03900157917514
312000 257.9943564781883
312600 243.51140238542277
313200 228.61770842715154
313800 213.34162559632648
314400 197.71223278485118
315000 181.75928143026007
315600 165.5131388821624
316200 149.00473059626825
316800 132.26548126602782
317400 115.32725500393678
318000 98.22229468639175
318600 80.98316057753868
319200 63.642668348962644
319800 46.23382661319013
320400 28.78977408991819
321000 11.343716524580708
321600 0.0
322200 0.0
322800 0.0
323400 0.0
324000 0.0
324600 0.0
325200 0.0
325800 0.0
326400 0.0
327000 0.0
327600 0.0
328200 0.0
328800 0.0
329400 0.0
330000 0.0
330600 0.0
331200 0.0
331800 0.0
332400 0.0
333000 0.0
333600 0.0
334200 0.0
334800 0.0
335400 0.0
336000 0.0
336600 0.0
337200 0.0
337800 0.0
338400 0.0
339000 0.0
339600 0.0
340200 0.0
340800 0.0
341400 0.0
342000 0.0
342600 0.0
343200 0.0
343800 0.0
344400 0.0
345000 0.0
345600 0.0
346200 0.0
346800 0.0
347400 0.0
348000 0.0
348600 0.0
349200 0.0
349800 0.0
350400 0.0
351000 0.0
351600 0.0
352200 0.0
352800 0.0
353400 0.0
354000 0.0
354600 0.0
355200 0.0
355800 0.0
356400 0.0
357000 0.0
357600 0.0
358200 0.0
358800 0.0
359400 0.0
360000 0.0
360600 0.0
361200 0.0
361800 0.0
362400 0.0
363000 6.544056462237287
363600 23.995410710438847
364200 41.447525819987604
364800 58.86718069785896
365400 76.22121604092453
366000 93.47659745656989
366600 110.60047834553863
367200 127.56026242730086
367800 144.3236657889257
368400 160.85877833934478
369000 177.13412455202405
369600 193.11872338041758
370200 208.78214723215007
370800 224.0945798896691
371400 239.02687326710935
372000 253.5506028953305
372600 267.63812202951084
373200 281.262614276296
373800 294.3981446403284
374400 307.01970889298593
375000 319.10328116935034
375600 330.62585970280867
376200 341.5655106102215
376800 351.9014096443177
377400 361.61388183383184
378000 370.68443893593013
378600 379.09581462963206
379200 386.8319973832335
379800 393.87826093316676
380400 400.2211923162813
381000 405.84871740218074
381600 410.7501238770163
382200 414.9160816349855
382800 418.33866053871844
383400 421.0113455147453
384000 422.92904895530864
384600 424.08812040291417
385200 424.4863534991842
385800 424.12299018478575
386400 422.99872214244
387000 421.11568948026485
387600 418.4774766579574
388200 415.0891056635709
388800 410.9570264538758
389400 406.0891046764997
390000 400.4946066972204
390600 394.184181960912
391200 387.1698427197211
391800 379.46494116706225
392400 371.084144020959
393000 362.0434046051123
393600 352.3599324808422
394200 342.05216068770994
394800 331.1397106551791
395400 319.6433548521096
396000 307.5849772451831
396600 294.9875316415275
397200 281.8749979948413
397800 268.2723367581889
398400 254.2054413703588
399000 239.70108896623168
399600 224.78688940498267
400200 209.49123271314434
400800 193.84323504257685
401400 177.87268324622175
402000 161.60997817712936
402600 145.0860768187099
403200 128.33243335635763
403800 111.38093930261685
404400 94.26386278987962
405000 77.01378714615812
405600 59.66354887087088
406200 42.24617512869828
406800 24.794820880496545
407400 7.342705770947702
408000 0.0
408600 0.0
409200 0.0
409800 0.0
410400 0.0
411000 0.0
411600 0.0
412200 0.0
412800 0.0
413400 0.0
414000 0.0
414600 0.0
415200 0.0
415800 0.0
416400 0.0
417000 0.0
417600 0.0
418200 0.0
418800 0.0
419400 0.0
420000 0.0
420600 0.0
421200 0.0
421800 0.0
422400 0.0
423000 0.0
423600 0.0
424200 0.0
424800 0.0
425400 0.0
426000 0.0
426600 0.0
427200 0.0
427800 0.0
428400 0.0
429000 0.0
429600 0.0
430200 0.0
430800 0.0
431400 0.0
432000 0.0
432600 0.0
433200 0.0
433800 0.0
434400 0.0
435000 0.0
435600 0.0
436200 0.0
436800 0.0
437400 0.0
438000 0.0
438600 0.0
439200 0.0
439800 0.0
440400 0.0
441000 0.0
441600 0.0
442200 0.0
442800 0.0
443400 0.0
444000 0.0
444600 0.0
445200 0.0
445800 0.0
446400 0.0
447000 0.0
447600 0.0
448200 0.0
448800 0.0
449400 3.843852222622848
450000 21.301625583158017
450600 38.758911124104905
451200 56.18247791022917
451800 73.53915919186261
452400 90.79591553969654
453000 107.91989773721244
453600 124.87850931103449
454200 141.63946858016692
454800 158.17087010601048
455400 174.4412454261773
456000 190.41962295649776
456600 206.07558694719123
457200 221.37933538097474
457800 236.30173670289622
458400 250.8143852739054
459000 264.8896554426029
459600 278.5007541322361
460200 291.62177184284485
460800 304.22773197146773
461400 316.29463835652336
462000 327.79952095587004
462600 338.72047957158486
463200 349.0367255382363
463800 358.72862129528977
464400 367.7777177683202
465000 376.16678948787427
465600 383.8798673791301
466200 390.90226915993895
466800 397.22062728938397
467400 402.82291441365373
468000 407.6984662607938
468600 411.8380019407551
469200 415.23364161209497
469800 417.87892148170346
470400 419.7688061090008
471000 420.89969799118495
471600 421.26944441128256
472200 420.87734153596796
472800 419.72413575534983
473400 417.8120222621758
474000 415.1446408731572
474600 411.72706910037226
475200 407.56581248593255
475800 402.668792218314
476400 397.0453300539245
477000 390.7061305726106
477600 383.66326080088163
478200 375.9301272416384
478800 367.5214503541338
479400 358.45323653274096
480000 348.74274763787247
480600 338.4084681370479
481200 327.4700699186592
481800 315.94837484541273
482400 303.86531511873096
483000 291.2438915295599
483600 278.1081296750561
484200 264.4830342244977
484800 250.3945413214747
485400 235.8694692129653
486000 220.9354671992795
486600 205.62096300204362
487200 189.9551086504158
487800 173.96772498854446
488400 157.68924490989298
489000 141.1506554264987
489600 124.38343868343648
490200 107.41951203076216
490800 90.29116726702624
491400 73.03100916999739
492000 55.67189343161682
492600 38.24686411532039
493200 20.78909075478522
493800 3.3318052138381495
494400 0.0
495000 0.0
495600 0.0
496200 0.0
496800 0.0
497400 0.0
498000 0.0
498600 0.0
499200 0.0
499800 0.0
500400 0.0
501000 0.0
501600 0.0
502200 0.0
502800 0.0
503400 0.0
504000 0.0
504600 0.0
505200 0.0
505800 0.0
506400 0.0
507000 0.0
507600 0.0
508200 0.0
508800 0.0
509400 0.0
510000 0.0
510600 0.0
511200 0.0
511800 0.0
512400 0.0
513000 0.0
513600 0.0
514200 0.0
514800 0.0
515400 0.0
516000 0.0
516600 0.0
517200 0.0
517800 0.0
518400 0.0
519000 0.0
519600 0.0
520200 0.0
520800 0.0
521400 0.0
522000 0.0
522600 0.0
523200 0.0
523800 0.0
524400 0.0
525000 0.0
525600 0.0
526200 0.0
526800 0.0
527400 0.0
528000 0.0
528600 0.0
529200 0.0
529800 0.0
530400 0.0
531000 0.0
531600 0.0
532200 0.0
532800 0.0
533400 0.0
534000 0.0
534600 0.0
535200 0.0
535800 1.1388356868442941
536400 18.60213726111432
537000 36.06369936542945
537600 53.49028292387354
538200 70.8487154441812
538800 88.10595416346095
539400 105.22914894697338
540000 122.18570482022932
540600 138.94334401537648
541200 155.4701674137647
541800 171.73471526773224
542400 187.70602708602232
543000 203.35370056883892
543600 218.64794948035188
544200 233.55966034849
544800 248.06044788408911
545400 262.12270901390485
546000 275.71967542462966
546600 288.8254645178995
547200 301.4151286792913
547800 313.46470276752393
548400 324.9512497334676
549000 335.8529042821197
549600 346.1489144944376
550200 355.81968132979506
550800 364.8467959338705
551400 373.21307468094744
552000 380.9025918839227
552600 387.9007101097567
553200 394.1941080426596
553800 399.77080584197273
554400 404.62018794647645
555000 408.73302328171366
555600 412.10148283186584
556200 414.7191545427283
556800 416.58105552742074
557400 417.68364155159526
558000 418.0248137800879
558600 417.6039227721709
559200 416.42176971779963
559800 414.4806049125023
560400 411.78412347381436
561000 408.33745830741236
561600 404.14717033633616
562200 399.22123601189907
562800 393.5690321300595
563400 387.2013179821569
564000 380.1302148739889
564600 372.36918305221707
565200 363.93299608202244
565800 354.8377127247844
566400 345.10064636931537
567000 334.74033207484183
567600 323.776491288465
568200 312.22999430426563
568800 300.12282053551337
569400 287.4780166756036
570000 274.31965282736735
570600 260.6727766842624
571200 246.5633658506647
571800 232.0182783920225
572400 217.06520170900228
573000 201.73259983294756
573600 186.04965924297653
574200 170.04623330786376
574800 153.75278545845137
575400 137.20033119877888
576000 120.42037906631116
576600 103.44487065364129
577200 86.30611980585846
577800 69.0367511093034
578400 51.669637788817425
579000 34.23783913168848
579600 16.77453755741828
580200 0.0
580800 0.0
581400 0.0
582000 0.0
582600 0.0
583200 0.0
583800 0.0
584400 0.0
585000 0.0
585600 0.0
586200 0.0
586800 0.0
587400 0.0
588000 0.0
588600 0.0
589200 0.0
589800 0.0
590400 0.0
591000 0.0
591600 0.0
592200 0.0
592800 0.0
593400 0.0
594000 0.0
594600 0.0
595200 0.0
595800 0.0
596400 0.0
597000 0.0
597600 0.0
598200 0.0
598800 0.0
599400 0.0
600000 0.0
600600 0.0
601200 0.0
601800 0.0
602400 0.0
603000 0.0
603600 0.0
604200 0.0
604800 0.0
605400 0.0
606000 0.0
606600 0.0
607200 0.0
607800 0.0
608400 0.0
609000 0.0
609600 0.0
610200 0.0
610800 0.0
611400 0.0
612000 0.0
612600 0.0
613200 0.0
613800 0.0
614400 0.0
615000 0.0
615600 0.0
616200 0.0
616800 0.0
617400 0.0
618000 0.0
618600 0.0
619200 0.0
619800 0.0
620400 0.0
621000 0.0
621600 0.0
622200 0.0
622800 15.897289402764944
623400 33.36222871132998
624000 50.79092996922419
624600 68.15021665302088
625200 85.40704437387981
625800 102.5285637794205
626400 119.4821830843309
627000 136.2356301106835
627600 152.75701371985969
628200 169.01488451914568
628800 184.97829472743783
629400 200.61685708610378
630000 215.90080270285605
630600 230.8010377185306
631200 245.28919868890065
631800 259.3377065761065
632400 272.91981924691953
633000 286.00968237791375
633600 298.5823786706406
634200 310.61397528312136
634800 322.08156938737295
635400 332.9633317662423
636000 343.2385483665625
636600 352.88765972952973
637200 361.8922982232448
637800 370.2353230065448
638400 377.9008526575682
639000 384.874295404944
639600 391.14237690405804
640200 396.69316550552224
640800 401.51609496774756
641400 405.60198457038524
642000 408.94305659035
642600 411.53295110715743
643200 413.3667381093951
643800 414.4409268792785
644400 414.7534726374312
645000 414.30378043523865
645600 413.09270628736664
646200 411.1225555422885
646800 408.3970784939235
647400 404.9214632427394
648000 400.7023258199076
648600 395.74769759331286
649200 390.0670099793868
649800 383.6710764898721
650400 376.5720721476869
651000 368.7835103110776
651600 360.3202169501732
652200 351.1983024249082
652800 341.43513081803724
653400 331.04928688161647
654000 320.06054065987155
654600 308.489809855795
655200 296.35912001311
655800 283.6915625893952
656400 270.5112510001835
657000 256.8432747177051
657600 242.71365151165065
658200 228.14927792286792
658800 213.17787806426844
659400 197.82795084640176
660000 182.128715728159
660600 166.1100570958753
661200 149.80246737669773
661800 133.23698899451867
662400 116.44515527896037
663000 99.45893043988465
663600 82.31064872170747
664200 65.032952853323
664800 47.65873191081749
665400 30.22105871124131
666000 12.75312685662163
666600 0.0
667200 0.0
667800 0.0
668400 0.0
669000 0.0
669600 0.0
670200 0.0
670800 0.0
671400 0.0
672000 0.0
672600 0.0
673200 0.0
673800 0.0
674400 0.0
675000 0.0
675600 0.0
676200 0.0
676800 0.0
677400 0.0
678000 0.0
678600 0.0
679200 0.0
679800 0.0
680400 0.0
681000 0.0
681600 0.0
682200 0.0
682800 0.0
683400 0.0
684000 0.0
684600 0.0
685200 0.0
685800 0.0
686400 0.0
687000 0.0
687600 0.0
688200 0.0
688800 0.0
689400 0.0
690000 0.0
690600 0.0
691200 0.0
691800 0.0
692400 0.0
693000 0.0
693600 0.0
694200 0.0
694800 0.0
695400 0.0
696000 0.0
696600 0.0
697200 0.0
697800 0.0
698400 0.0
699000 0.0
699600 0.0
700200 0.0
700800 0.0
701400 0.0
702000 0.0
702600 0.0
703200 0.0
703800 0.0
704400 0.0
705000 0.0
705600 0.0
706200 0.0
706800 0.0
707400 0.0
708000 0.0
708600 0.0
709200 13.187424428407155
709800 30.654837364779894
710400 48.08475459394061
711000 65.44399727779196
711600 82.69952111125022
712200 99.81847922395859
712800 116.76828470617158
713400 133.5166726397899
714000 150.03176151646554
714600 166.2821139258658
715200 182.23679639856945
715800 197.86543828968487
716400 213.13828959109853
717000 228.02627756230598
717600 242.50106207202595
718200 256.53508954525154
718800 270.10164541304533
719400 283.1749049652401
720000 295.7299825092432
720600 307.74297874136533
721200 319.19102624050487
721800 330.05233299758237
722400 340.3062238978696
723000 349.93318007724486
723600 358.9148760774601
724200 367.23421472969284
724800 374.87535969997833
725400 381.8237656345711
726000 388.0662058478532
726600 393.59079750008164
727200 398.3870242170489
727800 402.4457561085998
728400 405.7592671478953
729000 408.32124987834464
729600 410.1268274202066
730200 411.1725627540082
730800 411.45646526310566
731400 410.977994522937
732000 409.73806132975056
732600 407.7390259668529
733200 404.98469371167494
733800 401.4803075922104
734400 397.2325384066141
735000 392.2494720249582
735600 386.5405939973189
736200 380.11677149749363
736800 372.9902326367168
737400 365.17454318675584
738000 356.6845807566936
738600 347.53650647255364
739200 337.74773421367826
739800 327.3368974644198
740400 316.3238138442437
741000 304.72944738376356
741600 292.575868618518
742200 279.8862125764506
742800 266.68463473907025
743400 252.99626506011947
744000 238.84716012927797
744600 224.2642535719639
745200 209.27530477964785
745800 193.9088460682719
746400 178.19412836536495
747000 162.16106552924202
747600 145.8401774062706
748200 129.2625317346107
748800 112.4596850050115
749400 95.46362239123329
750000 78.30669686445498
750600 61.02156760755187
751200 43.64113784648769
751800 26.19849221715175
752400 8.726833786874147
753000 0.0
753600 0.0
754200 0.0
754800 0.0
755400 0.0
756000 0.0
756600 0.0
757200 0.0
757800 0.0
758400 0.0
759000 0.0
759600 0.0
760200 0.0
760800 0.0
761400 0.0
762000 0.0
762600 0.0
763200 0.0
763800 0.0
764400 0.0
765000 0.0
765600 0.0
766200 0.0
766800 0.0
767400 0.0
768000 0.0
768600 0.0
769200 0.0
769800 0.0
770400 0.0
771000 0.0
771600 0.0
772200 0.0
772800 0.0
773400 0.0
774000 0.0
774600 0.0
775200 0.0
775800 0.0
776400 0.0
777000 0.0
777600 0.0
778200 0.0
778800 0.0
779400 0.0
780000 0.0
780600 0.0
781200 0.0
781800 0.0
782400 0.0
783000 0.0
783600 0.0
784200 0.0
784800 0.0
785400 0.0
786000 0.0
786600 0.0
787200 0.0
787800 0.0
788400 0.0
789000 0.0
789600 0.0
790200 0.0
790800 0.0
791400 0.0
792000 0.0
792600 0.0
793200 0.0
793800 0.0
794400 0.0
795000 0.0
795600 10.472884134654091
796200 27.94186418591242
796800 45.372094288870045
797400 62.73039500985646
798000 79.98372383686804
798600 97.0992380778672
799200 114.04435737871431
799800 130.78682574172242
800400 147.29477292678266
801000 163.53677511817827
801600 179.48191474160262
802200 195.09983931751995
802800 210.3608192388355
803400 225.2358043628914
804000 239.69647931006503
804600 253.71531736370386
805200 267.2656328687938
805800 280.32163202962107
806400 292.8584620097292
807000 304.8522582407037
807600 316.28018984973636
808200 327.12050311948803
808800 337.3525628975267
809400 346.95689187651266
810000 355.91520767035996
810600 364.2104576157976
811200 371.8268512330835
811800 378.74989028407924
812400 384.96639637047167
813000 390.4645360196023
813600 395.23384321015504
814200 399.265239294823
814800 402.55105028202945
815400 405.08502144380697
816000 406.8623292220276
816600 407.87959041031996
817200 408.13486859419476
817800 407.62767783711996
818400 406.35898360552835
819000 404.33120093099785
819600 401.54818981310086
820200 398.0152478716765
820800 393.7391002625094
821400 388.72788687561405
822000 382.99114684049107
822600 376.53980036785237
823200 369.3861279623792
823800 361.54374704608347
824400 353.02758603677125
825000 343.8538559309506
825600 334.0400194452787
826200 323.6047577752881
826800 312.5679350346691
827400 300.95056044280034
828000 288.774748332506
828600 276.063676054166
829200 262.84153985631207
829800 249.13350882669414
830400 234.9656769814905
831000 220.36501359386534
831600 205.3593118564247
832200 189.97713597529415
832800 174.24776679652837
833400 158.20114606835935
834000 141.8678194453728
834600 125.27887834312041
835200 108.46590075384552
835800 91.46089113597553
836400 74.29621949182025
837000 57.00455974942972
837600 39.61882756591768
838200 22.17211767063623
838800 4.697640867476591
839400 0.0
840000 0.0
840600 0.0
841200 0.0
841800 0.0
842400 0.0
843000 0.0
843600 0.0
844200 0.0
844800 0.0
845400 0.0
846000 0.0
846600 0.0
847200 0.0
847800 0.0
848400 0.0
849000 0.0
849600 0.0
850200 0.0
850800 0.0
851400 0.0
852000 0.0
852600 0.0
853200 0.0
853800 0.0
854400 0.0
855000 0.0
855600 0.0
856200 0.0
856800 0.0
857400 0.0
858000 0.0
858600 0.0
859200 0.0
859800 0.0
860400 0.0
861000 0.0
861600 0.0
862200 0.0
862800 0.0
863400 0.0
864000 0.0
864600 0.0
865200 0.0
865800 0.0
866400 0.0
867000 0.0
867600 0.0
868200 0.0
868800 0.0
869400 0.0
870000 0.0
870600 0.0
871200 0.0
871800 0.0
872400 0.0
873000 0.0
873600 0.0
874200 0.0
874800 0.0
875400 0.0
876000 0.0
876600 0.0
877200 0.0
877800 0.0
878400 0.0
879000 0.0
879600 0.0
880200 0.0
880800 0.0
881400 0.0
882000 7.754010314914386
882600 25.223649316997783
883200 42.65328911482961
883800 60.00975139841874
884400 77.2599971553316
885000 94.37118956232979
885600 111.31075649213035
886200 128.04645251630006
886800 144.54642028626225
887400 160.7792511755699
888000 176.71404506801156
888600 192.3204691777383
889200 207.5688157894461
889800 222.43005880870052
890400 236.87590901475593
891000 250.87886791069735
891600 264.4122800683899
892200 277.45038386860233
892800 289.968360539714
893400 301.94238140165584
894000 313.3496532251585
894600 324.16846161995875
895200 334.37821236937646
895800 343.9594706325757
896400 352.89399793988923
897000 361.1647869107825
897600 368.7560936283684
898200 375.6534676088482
898800 381.843779308829
899400 387.31524511815576
900000 392.0574497906825
900600 396.06136627028576
901200 399.31937287437887
901800 401.82526780221804
902400 403.57428094038227
903000 404.56308294295565
903600 404.7897915691266
904200 404.2539752661397
904800 402.95665399078166
905400 400.900297267835
906000 398.08881948919753
906600 394.5275724626148
907200 390.22333522420996
907800 385.18430113420334
908400 379.42006228038497
909000 372.9415912190312
909600 365.7612200880195
910200 357.89261713190325
910800 349.35076068363173
911400 340.15191065244164
912000 330.3135775721955
912600 319.8544892690863
913200 308.79455521215436
913800 297.15482861448277
914400 284.957466357209
915000 272.22568681264255
915600 258.9837256467734
916200 245.2567896853049
916800 231.07100893102756
917400 216.45338682387418
918000 201.43174883833723
918600 186.0346895160963
919200 170.29151803468224
919800 154.23220241579452
920400 137.88731247946475
921000 121.287961652669
921600 104.46574774315292
922200 87.45269279120416
922800 70.28118211388353
923400 52.98390265772929
924000 35.59378077729982
924600 18.143919557984532
925200 0.6675358023993226
925800 0.0
926400 0.0
927000 0.0
927600 0.0
928200 0.0
928800 0.0
929400 0.0
930000 0.0
930600 0.0
931200 0.0
931800 0.0
932400 0.0
933000 0.0
933600 0.0
934200 0.0
934800 0.0
935400 0.0
936000 0.0
936600 0.0
937200 0.0
937800 0.0
938400 0.0
939000 0.0
939600 0.0
940200 0.0
940800 0.0
941400 0.0
942000 0.0
942600 0.0
943200 0.0
943800 0.0
944400 0.0
945000 0.0
945600 0.0
946200 0.0
946800 0.0
947400 0.0
948000 0.0
948600 0.0
949200 0.0
949800 0.0
950400 0.0
951000 0.0
951600 0.0
952200 0.0
952800 0.0
953400 0.0
954000 0.0
954600 0.0
955200 0.0
955800 0.0
956400 0.0
957000 0.0
957600 0.0
958200 0.0
958800 0.0
959400 0.0
960000 0.0
960600 0.0
961200 0.0
961800 0.0
962400 0.0
963000 0.0
963600 0.0
964200 0.0
964800 0.0
965400 0.0
966000 0.0
966600 0.0
967200 0.0
967800 0.0
968400 5.031145383385529
969000 22.500534808336624
969600 39.9286823276951
970200 57.2824124721067
970800 74.5286914299201
971400 91.63468992892439
972000 108.5678457287357
972600 125.29592560487116
973200 141.78708670652472
973800 158.00993717124308
974400 173.9335958811201
975000 189.52775124675995
975600 204.76271890711013
976200 219.6094982353306
976800 234.03982754313364
977400 248.0262378785162
978000 261.54210531446915
978600 274.56170162913605
979200 287.060243280947
979800 299.01393858549676
980400 310.4000330043697
981000 321.196852459696
981600 331.3838445919914
982200 340.9416178827414
982800 349.85197856725864
983400 358.0979652675483
984000 365.6638812792554
984600 372.5353244512327
985200 378.6992146008554
985800 384.1438184128909
986400 388.8587717745318
987000 392.8350995040741
987600 396.0652324356848
988200 398.54302182773966
988800 400.26375106730285
989400 401.22414464846673
990000 401.42237440746453
990600 400.85806300268337
991200 399.53228463295545
991800 397.44756299276
992400 394.60786646822686
993000 391.01860058308847
993600 386.68659770895744
994200 381.6201040595199
994800 375.82876399339807
995400 369.3236016555661
996000 362.1169999922634
996600 354.22267717935233
997200 345.65566050899145
997800 336.4322577843301
998400 326.5700262766785
999000 316.0877393042443
999600 305.0053504960536
1000200 293.34395580908455
1000800 281.1257533709144
1001400 268.3740012243212
1002000 255.11297305427823
1002600 241.36791198161484
1003200 227.164982511301
1003800 212.53122072682507
1004400 197.49448282547263
1005000 182.0833920924713
1005600 166.32728441493975
1006200 150.256152439362
1006800 133.90058847887633
1007400 117.29172627907029
1008000 100.46118175312877
1008600 83.44099279914126
1009200 66.26355831414686
1009800 48.961576520988444
1010400 31.567982725390173
1011000 14.115886621729288
1011600 0.0
1012200 0.0
1012800 0.0
1013400 0.0
1014000 0.0
1014600 0.0
1015200 0.0
1015800 0.0
1016400 0.0
1017000 0.0
1017600 0.0
1018200 0.0
1018800 0.0
1019400 0.0
1020000 0.0
1020600 0.0
1021200 0.0
1021800 0.0
1022400 0.0
1023000 0.0
1023600 0.0
1024200 0.0
1024800 0.0
1025400 0.0
1026000 0.0
1026600 0.0
1027200 0.0
1027800 0.0
1028400 0.0
1029000 0.0
1029600 0.0
1030200 0.0
1030800 0.0
1031400 0.0
1032000 0.0
1032600 0.0
1033200 0.0
1033800 0.0
1034400 0.0
1035000 0.0
1035600 0.0
1036200 0.0
1036800 0.0
1037400 0.0
1038000 0.0
1038600 0.0
1039200 0.0
1039800 0.0
1040400 0.0
1041000 0.0
1041600 0.0
1042200 0.0
1042800 0.0
1043400 0.0
1044000 0.0
1044600 0.0
1045200 0.0
1045800 0.0
1046400 0.0
1047000 0.0
1047600 0.0
1048200 0.0
1048800 0.0
1049400 0.0
1050000 0.0
1050600 0.0
1051200 0.0
1051800 0.0
1052400 0.0
1053000 0.0
1053600 0.0
1054200 0.0
1054800 2.304633000057888
1055400 19.772865242558574
1056000 37.19862099928629
1056600 54.54872935374328
1057200 71.79016338856086
1057800 88.89010305411477
1058400 105.81599764335473
1059000 122.53562775392496
1059600 139.01716661962843
1060200 155.22924069448482
1060800 171.1409893740587
1061400 186.72212374037355
1062000 201.94298421858966
1062600 216.77459703568942
1063200 231.18872937370145
1063800 245.15794311247515
1064400 258.6556470597003
1065000 271.6561475687537
1065600 284.1346974480168
1066200 296.06754306855964
1066800 307.4319695805251
1067400 318.20634415213567
1068000 328.37015714901895
1068600 337.9040611754621
1069200 346.789907903279
1069800 355.0107826181848
1070400 362.55103641791584
1071000 369.39631600080395
1071600 375.53359098810313
1072200 380.9511787280551
1072800 385.6387665344812
1073400 389.58743131756694
1074000 392.78965656947025
1074600 395.23934667242156
1075200 396.93183850207856
1075800 397.8639103040487
1076400 398.0337878266812
1077000 397.4411476984567
1077600 396.0871180435426
1078200 393.97427633434523
1078800 391.106644485144
1079400 387.4896811961494
1080000 383.1302715625568
1080600 378.03671396837643
1081200 372.2187042899876
1081800 365.68731743948734
1082400 358.4549862829652
1083000 350.5354779738364
1083600 341.94386774628305
1084200 332.6965102186882
1084800 322.81100826169126
1085400 312.30617949012253
1086000 301.2020204426041
1086600 289.51966851700206
1087200 277.28136173418835
1087800 264.51039640670393
1088400 251.23108279290366
1089000 237.46869882099855
1089600 223.24944197108184
1090200 208.60037940673683
1090800 193.54939645115337
1091400 178.1251435058294
1092000 162.3569815129027
1092600 146.27492606493195
1093200 129.90959026850584
1093800 113.29212647045718
1094400 96.45416695760183
1095000 79.42776374287843
1095600 62.245327552524536
1096200 44.93956613041346
1096800 27.54342197700791
1097400 10.090009641436327
1098000 0.0
1098600 0.0
1099200 0.0
1099800 0.0
1100400 0.0
1101000 0.0
1101600 0.0
1102200 0.0
1102800 0.0
1103400 0.0
1104000 0.0
1104600 0.0
1105200 0.0
1105800 0.0
1106400 0.0
1107000 0.0
1107600 0.0
1108200 0.0
1108800 0.0
1109400 0.0
1110000 0.0
1110600 0.0
1111200 0.0
1111800 0.0
1112400 0.0
1113000 0.0
1113600 0.0
1114200 0.0
1114800 0.0
1115400 0.0
1116000 0.0
1116600 0.0
1117200 0.0
1117800 0.0
1118400 0.0
1119000 0.0
1119600 0.0
1120200 0.0
1120800 0.0
1121400 0.0
1122000 0.0
1122600 0.0
1123200 0.0
1123800 0.0
1124400 0.0
1125000 0.0
1125600 0.0
1126200 0.0
1126800 0.0
1127400 0.0
1128000 0.0
1128600 0.0
1129200 0.0
1129800 0.0
1130400 0.0
1131000 0.0
1131600 0.0
1132200 0.0
1132800 0.0
1133400 0.0
1134000 0.0
1134600 0.0
1135200 0.0
1135800 0.0
1136400 0.0
1137000 0.0
1137600 0.0
1138200 0.0
1138800 0.0
1139400 0.0
1140000 0.0
1140600 0.0
1141200 0.0
1141800 17.040988354807233
1142400 34.463456631540375
1143000 51.80905886581522
1143600 69.04477671791935
1144200 86.13780101930682
1144800 103.05559422671632
1145400 119.7659523592328
1146000 136.2370663003964
1146600 152.4375823486632
1147200 168.33666190095832
1147800 183.9040401557091
1148400 199.11008372361582
1149000 213.92584703649212
1149600 228.32312744679848
1150200 242.27451891298657
1150800 255.75346416845503
1151400 268.73430527481656
1152000 281.192332463243
1152600 293.1038311709128
1153200 304.4461271830308
1153800 315.1976297944839
1154400 325.33787290897556
1155000 334.84755399740396
1155600 343.70857084132194
1156200 351.9040559915401
1156800 359.418408876274
1157400 366.23732549771967
1158000 372.34782566052615
1158600 377.7382776803357
1159200 382.3984205253551
1159800 386.3193833488138
1160400 389.4937023751244
1161000 391.91533510760365
1161600 393.57967183070883
1162200 394.4835443848927
1162800 394.6252321973757
1163400 394.0044655573536
1164000 392.62242612940787
1164600 390.48174470413966
1165200 387.58649619031024
1165800 383.9421918580208
1166400 379.55576884769675
1167000 374.43557696484606
1167600 368.5913627857305
1168200 362.03425110420346
1168800 354.77672375503255
1169400 346.8325958540177
1170000 338.2169895001334
1170600 328.9463049897533
1171200 319.03818959775396
1171800 308.51150398492484
1172400 297.3862862956274
1173000 285.6837140140492
1173600 273.4260636516593
1174200 260.63666834260147
1174800 247.33987342774833
1175400 233.56099011196082
1176000 219.32624728277096
1176600 204.66274158220398
1177200 189.59838582678017
1177800 174.1618558738822
1178400 158.38253603562953
1179000 142.2904631441735
1179600 125.9162693748759
1180200 109.2911239362243
1180800 92.44667373747414
1181400 75.41498314695349
1182000 58.22847295572028
1182600 40.919858662740026
1183200 23.522088199077285
1183800 6.068279209634344
1184400 0.0
1185000 0.0
1185600 0.0
1186200 0.0
1186800 0.0
1187400 0.0
1188000 0.0
1188600 0.0
1189200 0.0
1189800 0.0
1190400 0.0
1191000 0.0
1191600 0.0
1192200 0.0
1192800 0.0
1193400 0.0
1194000 0.0
1194600 0.0
1195200 0.0
1195800 0.0
1196400 0.0
1197000 0.0
1197600 0.0
1198200 0.0
1198800 0.0
1199400 0.0
1200000 0.0
1200600 0.0
1201200 0.0
1201800 0.0
1202400 0.0
1203000 0.0
1203600 0.0
1204200 0.0
1204800 0.0
1205400 0.0
1206000 0.0
1206600 0.0
1207200 0.0
1207800 0.0
1208400 0.0
1209000 0.0
1209600 0.0
1210200 0.0
1210800 0.0
1211400 0.0
1212000 0.0
1212600 0.0
1213200 0.0
1213800 0.0
1214400 0.0
1215000 0.0
1215600 0.0
1216200 0.0
1216800 0.0
1217400 0.0
1218000 0.0
1218600 0.0
1219200 0.0
1219800 0.0
1220400 0.0
1221000 0.0
1221600 0.0
1222200 0.0
1222800 0.0
1223400 0.0
1224000 0.0
1224600 0.0
1225200 0.0
1225800 0.0
1226400 0.0
1227000 0.0
1227600 0.0
1228200 14.305255646309012
1228800 31.723545761487976
1229400 49.063764124183145
1230000 66.29290264318763
1230600 83.3781646740901
1231200 100.28702744955204
1231800 116.98730398824348
1232400 133.44720436459113
1233000 149.63539622270935
1233600 165.52106441931932
1234200 181.0739696821263
1234800 196.2645061719936
1235400 211.06375783933882
1236000 225.44355346747852
1236600 239.3765202981409
1237200 252.83613613706532
1237800 265.7967798405078
1238400 278.2337800865444
1239000 290.12346233833347
1239600 301.4431939099437
1240200 312.1714270489568
1240800 322.28773995383983
1241400 331.7728756480048
1242000 340.6087786365579
1242600 348.77862927596044
1243200 356.2668757911766
1243800 363.05926387936034
1244400 369.14286384373173
1245000 374.5060952059896
1245600 379.1387487504094
1246200 383.03200595766674
1246800 386.17845579138935
1247400 388.57210880548604
1248000 390.2084085453983
1248600 391.0842402215699
1249200 391.19793663862635
1249800 390.5492813689756
1250400 389.1395091647905
1251000 386.97130360758825
1251600 384.04879199987937
1252200 380.377537508614
1252800 375.9645285753768
1253400 370.81816561349115
1254000 364.948245017355
1254600 358.36594051444786
1255200 351.0837818955045
1255800 343.1156311633471
1256400 334.4766561457743
1257000 325.18330162273924
1257600 315.2532580227763
1258200 304.7054277482649
1258800 293.5598891936321
1259400 281.83785852498727
1260000 269.5616492939452
1260600 256.75462996251116
1261200 243.44117941988588
1261800 229.6466405758646
1262400 215.39727211916696
1263000 200.7201985325313
1263600 185.6433584597206
1264200 170.19545152272488
1264800 154.40588369039952
1265400 138.30471130253517
1266000 121.92258385590222
1266600 105.29068566119378
1267200 88.44067648192025
1267800 71.40463126824535
1268400 54.21497910049943
1269000 36.90444145857896
1269600 19.505969934752414
1270200 2.0526835084302326
1270800 0.0
1271400 0.0
1272000 0.0
1272600 0.0
1273200 0.0
1273800 0.0
1274400 0.0
1275000 0.0
1275600 0.0
1276200 0.0
1276800 0.0
1277400 0.0
1278000 0.0
1278600 0.0
1279200 0.0
1279800 0.0
1280400 0.0
1281000 0.0
1281600 0.0
1282200 0.0
1282800 0.0
1283400 0.0
1284000 0.0
1284600 0.0
1285200 0.0
1285800 0.0
1286400 0.0
1287000 0.0
1287600 0.0
1288200 0.0
1288800 0.0
1289400 0.0
1290000 0.0
1290600 0.0
1291200 0.0
1291800 0.0
1292400 0.0
1293000 0.0
1293600 0.0
1294200 0.0
1294800 0.0
1295400 0.0
1296000 0.0
1296600 0.0
1297200 0.0
1297800 0.0
1298400 0.0
1299000 0.0
1299600 0.0
1300200 0.0
1300800 0.0
1301400 0.0
1302000 0.0
1302600 0.0
1303200 0.0
1303800 0.0
1304400 0.0
1305000 0.0
1305600 0.0
1306200 0.0
1306800 0.0
1307400 0.0
1308000 0.0
1308600 0.0
1309200 0.0
1309800 0.0
1310400 0.0
1311000 0.0
1311600 0.0
1312200 0.0
1312800 0.0
1313400 0.0
1314000 0.0
1314600 11.566022988832033
1315200 28.97925055457006
1315800 46.313215117603704
1316400 63.53492049118926
1317000 80.61158418033003
1317600 97.51069978511977
1318200 114.20009887852183
1318800 130.6480122407985
1319400 146.82313033402636
1320000 162.6946629015815
1320600 178.2323975791423
1321200 193.40675740564328
1321800 208.18885712470038
1322400 222.55055816933844
1323000 236.46452222535362
1323600 249.90426327134728
1324200 262.844197996373
1324800 275.25969449922445
1325400 287.12711917665735
1326000 298.4238817112981
1326600 309.128478073596
1327200 319.22053145596567
1327800 328.68083106119934
1328400 337.4913686713099
1329000 345.63537292719826
1329600 353.0973412538886
1330200 359.86306937056037
1330800 365.9196783292046
1331400 371.25563903043354
1332000 375.86079416977606
1332600 379.7263775726845
1333200 382.8450308814461
1333800 385.21081756223504
1334400 386.8192342056418
1335000 387.66721909916924
1335600 387.75315805537616
1336200 387.07688748457514
1336800 385.6396947062343
1337400 383.4443154984919
1338000 380.49492889044717
1338600 376.7971492071405
1339200 372.35801538236734
1339800 367.18597755966687
1340400 361.290881006994
1341000 354.6839473756923
1341600 347.37775333944245
1342200 339.38620665384923
1342800 330.7245196822386
1343400 321.4091804380592
1344000 311.4579211990114
1344600 300.88968475264954
1345200 289.72458833770844
1345800 277.9838853497965
1346400 265.6899248843493
1347000 252.86610919385575
1347600 239.53684914034056
1348200 225.72751772790167
1348800 211.4644018037534
1349400 196.77465201971978
1350000 181.68623114942585
1350600 166.22786085956807
1351200 150.42896703658857
1351800 134.31962377283125
1352400 117.9304961187931
1353000 101.2927817104601
1353600 84.43815138283583
1354200 67.39868888270234
1354800 50.20682979538901
1355400 32.89529980178941
1356000 15.497052383169486
1356600 0.0
1357200 0.0
1357800 0.0
1358400 0.0
1359000 0.0
1359600 0.0
1360200 0.0
1360800 0.0
1361400 0.0
1362000 0.0
1362600 0.0
1363200 0.0
1363800 0.0
1364400 0.0
1365000 0.0
1365600 0.0
1366200 0.0
1366800 0.0
1367400 0.0
1368000 0.0
1368600 0.0
1369200 0.0
1369800 0.0
1370400 0.0
1371000 0.0
1371600 0.0
1372200 0.0
1372800 0.0
1373400 0.0
1374000 0.0
1374600 0.0
1375200 0.0
1375800 0.0
1376400 0.0
1377000 0.0
1377600 0.0
1378200 0.0
1378800 0.0
1379400 0.0
1380000 0.0
1380600 0.0
1381200 0.0
1381800 0.0
1382400 0.0
1383000 0.0
1383600 0.0
1384200 0.0
1384800 0.0
1385400 0.0
1386000 0.0
1386600 0.0
1387200 0.0
1387800 0.0
1388400 0.0
1389000 0.0
1389600 0.0
1390200 0.0
1390800 0.0
1391400 0.0
1392000 0.0
1392600 0.0
1393200 0.0
1393800 0.0
1394400 0.0
1395000 0.0
1395600 0.0
1396200 0.0
1396800 0.0
1397400 0.0
1398000 0.0
1398600 0.0
1399200 0.0
1399800 0.0
1400400 0.0
1401000 8.82365121761032
1401600 26.23093938390477
1402200 43.55778927072142
1402800 60.77121823450643
1403400 77.83845953488004
1404000 94.72702470798843
1404600 111.40476541014128
1405200 127.83993461401124
1405800 144.00124704090481
1406400 159.85793871406847
1407000 175.3798255196667
1407600 190.537360663959
1408200 205.30169091730014
1408800 219.64471153790282
1409400 233.53911977081225
1410000 246.95846682025046
1410600 259.87720819640253
1411200 272.2707523408064
1411800 284.1155074377797
1412400 295.3889263227837
1413000 306.06954940223136
1413600 316.1370455030442
1414200 325.57225057419527
1414800 334.3572041665694
1415400 342.47518362169967
1416000 349.9107359042973
1416600 356.64970701798313
1417200 362.6792689482243
1417800 367.9879440811888
1418400 372.5656270520354
1419000 376.4036039810507
1419600 379.49456906101403
1420200 381.8326384642167
1420800 383.41336154266264
1421400 384.23372930012926
1422000 384.29218011996386
1422600 383.58860273770875
1423200 382.1243364528996
1423800 379.90216857963316
1424400 376.92632914075597
1425000 373.2024828157755
1425600 368.7377181578209
1426200 363.5405341001795
1426800 357.6208237780932
1427400 350.9898556966147
1428000 343.66025228036676
1428600 335.6459658460394
1429200 326.96225204336287
1429800 317.62564081511044
1430400 307.65390493141325
1431000 297.0660261582827
1431600 285.8821591247389
1432200 274.1235929573296
1432800 261.8127107550678
1433400 248.9729469819303
1434000 235.62874285802366
1434600 221.80549983433284
1435200 207.52953123961507
1435800 192.82801219148342
1436400 177.7289278670258
1437000 162.26102023142988
1437600 146.4537333260175
1438200 130.3371572198419
1438800 113.94197073152681
1439400 97.29938303039354
1440000 80.44107422803555
1440600 63.39913507342057
1441200 46.20600586633059
1441800 28.894414705404238
1442400 11.497315188343226
1443000 0.0
1443600 0.0
1444200 0.0
1444800 0.0
1445400 0.0
1446000 0.0
1446600 0.0
1447200 0.0
1447800 0.0
1448400 0.0
1449000 0.0
1449600 0.0
1450200 0.0
1450800 0.0
1451400 0.0
1452000 0.0
1452600 0.0
1453200 0.0
1453800 0.0
1454400 0.0
1455000 0.0
1455600 0.0
1456200 0.0
1456800 0.0
1457400 0.0
1458000 0.0
1458600 0.0
1459200 0.0
1459800 0.0
1460400 0.0
1461000 0.0
1461600 0.0
1462200 0.0
1462800 0.0
1463400 0.0
1464000 0.0
1464600 0.0
1465200 0.0
1465800 0.0
1466400 0.0
1467000 0.0
1467600 0.0
1468200 0.0
1468800 0.0
1469400 0.0
1470000 0.0
1470600 0.0
1471200 0.0
1471800 0.0
1472400 0.0
1473000 0.0
1473600 0.0
1474200 0.0
1474800 0.0
1475400 0.0
1476000 0.0
1476600 0.0
1477200 0.0
1477800 0.0
1478400 0.0
1479000 0.0
1479600 0.0
1480200 0.0
1480800 0.0
1481400 0.0
1482000 0.0
1482600 0.0
1483200 0.0
1483800 0.0
1484400 0.0
1485000 0.0
1485600 0.0
1486200 0.0
1486800 0.0
1487400 6.078506710320787
1488000 23.478987393141857
1488600 40.79787198821868
1489200 58.002193014383685
1489800 75.05920106873343
1490400 91.93642716697983
1491000 108.60174455000607
1491600 125.02342983897869
1492200 141.17022342260256
1492800 157.0113889615676
1493400 172.5167718969173
1494000 187.65685685096597
1494600 202.4028238114975
1495200 216.72660299229602
1495800 230.60092826558122
1496400 243.99938906462995
1497000 256.89648065779215
1497600 269.2676526981981
1498200 281.08935595673705
1498800 292.3390871493549
1499400 302.9954317733333
1500000 313.03810487101373
1500600 322.4479896433664
1501200 331.20717383990427
1501800 339.2989838556697
1502400 346.7080164703894
1503000 353.42016816937917
1503600 359.4226619903864
1504200 364.7040718452634
1504800 369.2543442701754
1505400 373.06481756294124
1506000 376.1282382710751
1506600 378.4387749991452
1507200 379.99202950916776
1507800 380.7850450929015
1508400 380.8163122001108
1509000 380.0857713120799
1509600 378.5948130549105
1510200 376.3462755523855
1510800 373.34443902343975
1511400 369.595017634519
1512000 365.10514862234055
1512600 359.8833787077564
1513200 353.93964782658486
1513800 347.28527020837794
1514400 339.93291283914215
1515000 331.8965713490101
1515600 323.1915433707645
1516200 313.8343994199231
1516800 303.84295135182157
1517400 293.23621845573456
1518000 282.034391250577
1518600 270.25879305110396
1519200 257.9318393777697
1519800 245.07699528750942
1520400 231.71873070667044
1521000 217.8824738511168
1521600 203.5945628221743
1522200 188.88219547055814
1522800 173.7733776237189
1523400 158.29686977515678
1524000 142.48213233718823
1524600 126.35926956137844
1525200 109.9589722333842
1525800 93.31245925130072
1526400 76.45141819871662
1527000 59.40794502559329
1527600 42.21448295180425
1528200 24.903760709618858
1528800 7.508730242702497
1529400 0.0
1530000 0.0
1530600 0.0
1531200 0.0
1531800 0.0
1532400 0.0
1533000 0.0
1533600 0.0
1534200 0.0
1534800 0.0
1535400 0.0
1536000 0.0
1536600 0.0
1537200 0.0
1537800 0.0
1538400 0.0
1539000 0.0
1539600 0.0
1540200 0.0
1540800 0.0
1541400 0.0
1542000 0.0
1542600 0.0
1543200 0.0
1543800 0.0
1544400 0.0
1545000 0.0
1545600 0.0
1546200 0.0
1546800 0.0
1547400 0.0
1548000 0.0
1548600 0.0
1549200 0.0
1549800 0.0
1550400 0.0
1551000 0.0
1551600 0.0
1552200 0.0
1552800 0.0
1553400 0.0
1554000 0.0
1554600 0.0
1555200 0.0
1555800 0.0
1556400 0.0
1557000 0.0
1557600 0.0
1558200 0.0
1558800 0.0
1559400 0.0
1560000 0.0
1560600 0.0
1561200 0.0
1561800 0.0
1562400 0.0
1563000 0.0
1563600 0.0
1564200 0.0
1564800 0.0
1565400 0.0
1566000 0.0
1566600 0.0
1567200 0.0
1567800 0.0
1568400 0.0
1569000 0.0
1569600 0.0
1570200 0.0
1570800 0.0
1571400 0.0
1572000 0.0
1572600 0.0
1573200 0.0
1573800 3.3309619498053054
1574400 20.7237770406476
1575000 38.03385717793351
1575600 55.22825164028109
1576200 72.27422992056573
1576800 89.13934403030095
1577400 105.79149026622828
1578000 122.19897032154157
1578600 138.33055162541535
1579200 154.1555267959786
1579800 169.64377209356118
1580400 184.76580476294507
1581000 199.49283915546394
1581600 213.79684152412125
1582200 227.65058338742256
1582800 241.02769336033555
1583400 253.90270735372135
1584000 266.2511170466761
1584600 278.049416539511
1585200 289.27514709857047
1585800 299.9069399077059
1586400 309.92455674503407
1587000 319.3089285075408
1587600 328.04219151020317
1588200 336.10772149052957
1588800 343.49016525378767
1589400 350.1754698986834
1590000 356.1509095678573
1590600 361.4051096722774
1591200 365.92806854341563
1591800 369.71117647199264
1592400 372.74723209704865
1593000 375.03045611414313
1593600 376.55650227658964
1594200 377.32246566878314
1594800 377.3268882358721
1595400 376.5697615592488
1596000 375.05252687257416
1596600 372.77807231830855
1597200 369.7507274499675
1597800 365.9762549905708
1598400 361.461839862972
1599000 356.2160755129491
1599600 350.24894755109193
1600200 343.57181474462556
1600800 336.1973873953503
1601400 328.1397031448606
1602000 319.4141002530962
1602600 310.0371884010923
1603200 300.026817073508
1603800 289.4020415811178
1604400 278.1830867879442
1605000 266.3913086120795
1605600 254.04915337348265
1606200 241.18011506613246
1606800 227.80869063587497
1607400 213.96033334909575
1608000 199.6614043409791
1608600 184.93912243558984
1609200 169.821512333295
1609800 154.33735126415309
1610400 138.5161142088206
1611000 122.38791779125401
1611600 105.98346295000013
1612200 89.33397649721701
1612800 72.47115167666385
1613400 55.42708783380575
1614000 38.23422931288965
1614600 20.92530369728748
1615200 3.533259510684074
1615800 0.0
1616400 0.0
1617000 0.0
1617600 0.0
1618200 0.0
1618800 0.0
1619400 0.0
1620000 0.0
1620600 0.0
1621200 0.0
1621800 0.0
1622400 0.0
1623000 0.0
1623600 0.0
1624200 0.0
1624800 0.0
1625400 0.0
1626000 0.0
1626600 0.0
1627200 0.0
1627800 0.0
1628400 0.0
1629000 0.0
1629600 0.0
1630200 0.0
1630800 0.0
1631400 0.0
1632000 0.0
1632600 0.0
1633200 0.0
1633800 0.0
1634400 0.0
1635000 0.0
1635600 0.0
1636200 0.0
1636800 0.0
1637400 0.0
1638000 0.0
1638600 0.0
1639200 0.0
1639800 0.0
1640400 0.0
1641000 0.0
1641600 0.0
1642200 0.0
1642800 0.0
1643400 0.0
1644000 0.0
1644600 0.0
1645200 0.0
1645800 0.0
1646400 0.0
1647000 0.0
1647600 0.0
1648200 0.0
1648800 0.0
1649400 0.0
1650000 0.0
1650600 0.0
1651200 0.0
1651800 0.0
1652400 0.0
1653000 0.0
1653600 0.0
1654200 0.0
1654800 0.0
1655400 0.0
1656000 0.0
1656600 0.0
1657200 0.0
1657800 0.0
1658400 0.0
1659000 0.0
1659600 0.0
1660200 0.5813960682698093
1660800 17.965698622822597
1661400 35.26614775081198
1662000 52.449811064029596
1662600 69.48397848270314
1663200 86.3362245009925
1663800 102.9744699107826
1664400 119.36704286627999
1665000 135.4827391731709
1665600 151.29088168757895
1666200 166.76137871175163
1666800 181.86478127531825
1667400 196.5723391930775
1668000 210.85605579260974
1668600 224.68874120753514
1669200 238.04406413496733
1669800 250.89660195864693
1670400 263.22188914233664
1671000 274.9964638013581
1671600 286.1979123636255
1672200 296.8049122351513
1672800 306.7972723888177
1673400 316.1559717991438
1674000 324.863195649888
1674600 332.9023692455644
1675200 340.2581895623169
1675800 346.9166543780949
1676400 352.8650889266792
1677000 358.0921700248198
1677600 362.58794762655833
1678200 366.34386376370674
1678800 369.35276883642547
1679400 371.6089352228938
1680000 373.10806818216287
1680600 373.84731402943964
1681200 373.82526556823774
1681800 373.0419647690563
1682400 371.49890268948633
1683000 369.19901663589843
1683600 366.1466845721124
1684200 362.347716785695
1684800 357.8093448277467
1685400 352.54020774723386
1686000 346.5503356460673
1686600 339.8511305862338
1687200 332.45534488532246
1687800 324.377056841764
1688400 315.63164393598936
1689000 306.23575355852137
1689600 296.20727132072096
1690200 285.56528700850953
1690800 274.3300582438763
1691400 262.5229719233432
1692000 250.1665035067925
1692600 237.28417423415084
1693200 223.90050635137212
1693800 210.0409764309495
1694400 195.7319668758107
1695000 181.00071569891458
1695600 165.87526467414614
1696200 150.38440595720573
1696800 134.55762727810287
1697400 118.42505580959
1698000 102.01740081837204
1698600 85.36589520827431
1699200 68.5022360666368
1699800 51.45852432710214
1700400 34.26720366366867
1701000 16.960998732309108
1701600 0.0
1702200 0.0
1702800 0.0
1703400 0.0
1704000 0.0
1704600 0.0
1705200 0.0
1705800 0.0
1706400 0.0
1707000 0.0
1707600 0.0
1708200 0.0
1708800 0.0
1709400 0.0
1710000 0.0
1710600 0.0
1711200 0.0
1711800 0.0
1712400 0.0
1713000 0.0
1713600 0.0
1714200 0.0
1714800 0.0
1715400 0.0
1716000 0.0
1716600 0.0
1717200 0.0
1717800 0.0
1718400 0.0
1719000 0.0
1719600 0.0
1720200 0.0
1720800 0.0
1721400 0.0
1722000 0.0
1722600 0.0
1723200 0.0
1723800 0.0
1724400 0.0
1725000 0.0
1725600 0.0
1726200 0.0
1726800 0.0
1727400 0.0
1728000 0.0
1728600 0.0
1729200 0.0
1729800 0.0
1730400 0.0
1731000 0.0
1731600 0.0
1732200 0.0
1732800 0.0
1733400 0.0
1734000 0.0
1734600 0.0
1735200 0.0
1735800 0.0
1736400 0.0
1737000 0.0
1737600 0.0
1738200 0.0
1738800 0.0
1739400 0.0
1740000 0.0
1740600 0.0
1741200 0.0
1741800 0.0
1742400 0.0
1743000 0.0
1743600 0.0
1744200 0.0
1744800 0.0
1745400 0.0
1746000 0.0
1746600 0.0
1747200 15.20515077446677
1747800 32.49515609569453
1748400 49.66729882666413
1749000 66.68889081768634
1749600 83.52753050096251
1750200 100.15116456880958
1750800 116.5281489889537
1751400 132.62730924074447
1752000 148.41799965762593
1752600 163.87016176290547
1753200 178.95438148777217
1753800 193.6419451626489
1754400 207.9048941752935
1755000 221.7160781916081
1755600 235.04920683784076
1756200 247.87889974580781
1756800 260.1807348658673
1757400 271.93129495567723
1758000 283.10821215624867
1758600 293.6902105704358
1759200 303.65714676281567
1759800 312.9900481038626
1760400 321.67114888542636
1761000 329.68392413876785
1761600 337.0131210907759
1762200 343.64478819848796
1762800 349.56630170664533
1763400 354.7663896777283
1764000 359.23515344873033
1764600 362.9640864738252
1765200 365.94609051706124
1765800 368.1754891642558
1766400 369.6480386283734
1767000 370.3609358278148
1767600 370.3128237222425
1768200 369.503793895784
1768800 367.9353863826959
1769400 365.6105867358222
1770000 362.53382034342354
1770600 358.7109440051998
1771200 354.14923478353893
1771800 348.85737615121496
1772400 342.845441461904
1773000 336.1248747749833
1773600 328.7084690711135
1774200 320.61034190007257
1774800 311.84590850719843
1775400 302.43185248959213
1776000 292.3860940379429
1776600 281.7277558244273
1777200 270.47712660161505
1777800 258.65562258167563
1778400 246.2857466694016
1779000 233.39104562664954
1779600 219.99606524974115
1780200 206.12630364514516
1780800 191.80816269238133
1781400 177.06889778654312
1782000 161.9365659561041
1782600 146.4399724547692
1783200 130.6086159290359
1783800 114.47263226584789
1784400 98.06273722721687
1785000 81.41016798102544
1785600 64.54662363930542
1786200 47.5042049171713
1786800 30.315353027289266
1787400 13.012787926181238
1788000 0.0
1788600 0.0
1789200 0.0
1789800 0.0
1790400 0.0
1791000 0.0
1791600 0.0
1792200 0.0
1792800 0.0
1793400 0.0
1794000 0.0
1794600 0.0
1795200 0.0
1795800 0.0
1796400 0.0
1797000 0.0
1797600 0.0
1798200 0.0
1798800 0.0
1799400 0.0
1800000 0.0
1800600 0.0
1801200 0.0
1801800 0.0
1802400 0.0
1803000 0.0
1803600 0.0
1804200 0.0
1804800 0.0
1805400 0.0
1806000 0.0
1806600 0.0
1807200 0.0
1807800 0.0
1808400 0.0
1809000 0.0
1809600 0.0
1810200 0.0
1810800 0.0
1811400 0.0
1812000 0.0
1812600 0.0
1813200 0.0
1813800 0.0
1814400 0.0
1815000 0.0
1815600 0.0
1816200 0.0
1816800 0.0
1817400 0.0
1818000 0.0
1818600 0.0
1819200 0.0
1819800 0.0
1820400 0.0
1821000 0.0
1821600 0.0
1822200 0.0
1822800 0.0
1823400 0.0
1824000 0.0
1824600 0.0
1825200 0.0
1825800 0.0
1826400 0.0
1827000 0.0
1827600 0.0
1828200 0.0
1828800 0.0
1829400 0.0
1830000 0.0
1830600 0.0
1831200 0.0
1831800 0.0
1832400 0.0
1833000 0.0
1833600 12.442540944214008
1834200 29.72130452704024
1834800 46.8811534761376
1835400 63.889423043729494
1836000 80.7137370220072
1836600 97.32206937308158
1837200 113.68280519236629
1837800 129.76480088934616
1838400 145.537443471171
1839000 160.9707088162277
1839600 176.03521882676282
1840200 190.7022973517604
1840800 204.9440247736255
1841400 218.73329115476443
1842000 232.04384784288962
1842600 244.85035743682235
1843200 257.1284420176768
1843800 268.85472955361206
1844400 280.00689838982527
1845000 290.5637197390885
1845600 300.5050980919531
1846200 309.8121094696935
1846800 318.467037447176
1847400 326.45340687708153
1848000 333.756015251285
1848600 340.3609616396926
1849200 346.25567315145355
1849800 351.42892886817185
1850400 355.8708812035618
1851000 359.57307464888913
1851600 362.5284618685117
1852200 364.73141711488375
1852800 366.1777469374859
1853400 366.864698165297
1854000 366.79096314761097
1854600 365.9566822432249
1855200 364.3634435532577
1855800 362.0142798981096
1856400 358.9136630443157
1857000 355.0674951922848
1857600 350.4830977411252
1858200 345.1691973519453
1858800 339.1359093361581
1859400 332.3947184004116
1860000 324.9584567847961
1860600 316.84127983594624
1861200 308.05863906153456
1861800 298.6272527174478
1862400 288.56507398363675
1863000 277.8912567892183
1863600 266.626119351882
1864200 254.79110550100816
1864800 242.40874385812054
1865400 229.50260495237356
1866000 216.09725635271124
1866600 202.2182159021035
1867200 187.89190314288095
1867800 173.1455890256351
1868400 158.00734399741413
1869000 142.50598456803078
1869600 126.67101845619779
1870200 110.53258841991106
1870800 94.12141487799236
1871400 77.46873743202808
1872000 60.60625540001435
1872600 43.56606747489901
1873200 26.38061062289909
1873800 9.082598337889017
1874400 0.0
1875000 0.0
1875600 0.0
1876200 0.0
1876800 0.0
1877400 0.0
1878000 0.0
1878600 0.0
1879200 0.0
1879800 0.0
1880400 0.0
1881000 0.0
1881600 0.0
1882200 0.0
1882800 0.0
1883400 0.0
1884000 0.0
1884600 0.0
1885200 0.0
1885800 0.0
1886400 0.0
1887000 0.0
1887600 0.0
1888200 0.0
1888800 0.0
1889400 0.0
1890000 0.0
1890600 0.0
1891200 0.0
1891800 0.0
1892400 0.0
1893000 0.0
1893600 0.0
1894200 0.0
1894800 0.0
1895400 0.0
1896000 0.0
1896600 0.0
1897200 0.0
1897800 0.0
1898400 0.0
1899000 0.0
1899600 0.0
1900200 0.0
1900800 0.0
