# time relative humidity
0 0.7348071309377973
3600 0.7709041747970852
7200 0.8072869221158145
10800 0.8585548985833613
14400 0.8717061480981692
18000 0.8814263267111353
21600 0.8893434862629369
25200 0.8963452613079255
28800 0.9009799952285539
32400 0.9037840958837909
36000 0.9062257664962394
39600 0.9261822237352588
43200 0.9211098824485725
46800 0.9173203623249231
50400 0.9157221116375481
54000 0.9151955475168643
57600 0.9136136322732862
61200 0.9253418931090838
64800 0.8922079892191296
68400 0.8995207289425478
72000 0.9001858148566105
75600 0.902810268971941
79200 0.905166806104984
82800 0.9346145637031673
86400 0.9307492185744914
