# campaign: 2025-09-24 20:00:00 2025-09-25 20:00:00
# time[s] relative humidity 2m [%/100]
0 0.7348071309
600 0.7408233049
1200 0.7468394789
1800 0.7528556529
2400 0.7588718268
3000 0.7648880008
3600 0.7709041748
4200 0.7769679660
4800 0.7830317572
5400 0.7890955485
6000 0.7951593397
6600 0.8012231309
7200 0.8072869221
7800 0.8158315849
8400 0.8243762476
9000 0.8329209103
9600 0.8414655731
10200 0.8500102358
10800 0.8585548986
11400 0.8607467735
12000 0.8629386484
12600 0.8651305233
13200 0.8673223983
13800 0.8695142732
14400 0.8717061481
15000 0.8733261779
15600 0.8749462076
16200 0.8765662374
16800 0.8781862672
17400 0.8798062969
18000 0.8814263267
18600 0.8827458533
19200 0.8840653799
19800 0.8853849065
20400 0.8867044331
21000 0.8880239597
21600 0.8893434863
22200 0.8905104488
22800 0.8916774113
23400 0.8928443738
24000 0.8940113363
24600 0.8951782988
25200 0.8963452613
25800 0.8971177170
26400 0.8978901726
27000 0.8986626283
27600 0.8994350839
28200 0.9002075396
28800 0.9009799952
29400 0.9014473453
30000 0.9019146954
30600 0.9023820456
31200 0.9028493957
31800 0.9033167458
32400 0.9037840959
33000 0.9041910410
33600 0.9045979861
34200 0.9050049312
34800 0.9054118763
35400 0.9058188214
36000 0.9062257665
36600 0.9095518427
37200 0.9128779189
37800 0.9162039951
38400 0.9195300713
39000 0.9228561475
39600 0.9261822237
40200 0.9253368335
40800 0.9244914433
41400 0.9236460531
42000 0.9228006629
42600 0.9219552727
43200 0.9211098824
43800 0.9204782958
44400 0.9198467091
45000 0.9192151224
45600 0.9185835357
46200 0.9179519490
46800 0.9173203623
47400 0.9170539872
48000 0.9167876121
48600 0.9165212370
49200 0.9162548619
49800 0.9159884868
50400 0.9157221116
51000 0.9156343510
51600 0.9155465903
52200 0.9154588296
52800 0.9153710689
53400 0.9152833082
54000 0.9151955475
54600 0.9149318950
55200 0.9146682424
55800 0.9144045899
56400 0.9141409374
57000 0.9138772848
57600 0.9136136323
58200 0.9155683424
58800 0.9175230526
59400 0.9194777627
60000 0.9214324728
60600 0.9233871830
61200 0.9253418931
61800 0.9198195758
62400 0.9142972585
63000 0.9087749412
63600 0.9032526238
64200 0.8977303065
64800 0.8922079892
65400 0.8934267792
66000 0.8946455691
66600 0.8958643591
67200 0.8970831490
67800 0.8983019390
68400 0.8995207289
69000 0.8996315766
69600 0.8997424242
70200 0.8998532719
70800 0.8999641196
71400 0.9000749672
72000 0.9001858149
72600 0.9006232239
73200 0.9010606329
73800 0.9014980419
74400 0.9019354509
75000 0.9023728600
75600 0.9028102690
76200 0.9032030252
76800 0.9035957813
77400 0.9039885375
78000 0.9043812937
78600 0.9047740499
79200 0.9051668061
79800 0.9100747657
80400 0.9149827253
81000 0.9198906849
81600 0.9247986445
82200 0.9297066041
82800 0.9346145637
83400 0.9339703395
84000 0.9333261153
84600 0.9326818911
85200 0.9320376670
85800 0.9313934428
86400 0.9307492186
