# campaign: 2025-09-24 20:00:00 2025-09-25 20:00:00
# time[s] S_t[W/m2]
0 0.0
600 0.0
1200 0.0
1800 0.0
2400 0.0
3000 0.0
3600 0.0
4200 0.0
4800 0.0
5400 0.0
6000 0.0
6600 0.0
7200 0.0
7800 0.0
8400 0.0
9000 0.0
9600 0.0
10200 0.0
10800 0.0
11400 0.0
12000 0.0
12600 0.0
13200 0.0
13800 0.0
14400 0.0
15000 0.0
15600 0.0
16200 0.0
16800 0.0
17400 0.0
18000 0.0
18600 0.0
19200 0.0
19800 0.0
20400 0.0
21000 0.0
21600 0.0
22200 0.0
22800 0.0
23400 0.0
24000 0.0
24600 0.0
25200 0.0
25800 0.0
26400 0.0
27000 0.0
27600 0.0
28200 0.0
28800 0.0
29400 0.0
30000 0.0
30600 0.0
31200 0.0
31800 0.0
32400 0.0
33000 8.82365121761032
33600 26.23093938390477
34200 43.55778927072142
34800 60.77121823450643
35400 77.83845953488004
36000 94.72702470798843
36600 111.40476541014128
37200 127.83993461401124
37800 144.00124704090481
38400 159.85793871406847
39000 175.3798255196667
39600 190.537360663959
40200 205.30169091730014
40800 219.64471153790282
41400 233.53911977081225
42000 246.95846682025046
42600 259.87720819640253
43200 272.2707523408064
43800 284.1155074377797
44400 295.3889263227837
45000 306.06954940223136
45600 316.1370455030442
46200 325.57225057419527
46800 334.3572041665694
47400 342.47518362169967
48000 349.9107359042973
48600 356.64970701798313
49200 362.6792689482243
49800 367.9879440811888
50400 372.5656270520354
51000 376.4036039810507
51600 379.49456906101403
52200 381.8326384642167
52800 383.41336154266264
53400 384.23372930012926
54000 384.29218011996386
54600 383.58860273770875
55200 382.1243364528996
55800 379.90216857963316
56400 376.92632914075597
57000 373.2024828157755
57600 368.7377181578209
58200 363.5405341001795
58800 357.6208237780932
59400 350.9898556966147
60000 343.66025228036676
60600 335.6459658460394
61200 326.96225204336287
61800 317.62564081511044
62400 307.65390493141325
63000 297.0660261582827
63600 285.8821591247389
64200 274.1235929573296
64800 261.8127107550678
65400 248.9729469819303
66000 235.62874285802366
66600 221.80549983433284
67200 207.52953123961507
67800 192.82801219148342
68400 177.7289278670258
69000 162.26102023142988
69600 146.4537333260175
70200 130.3371572198419
70800 113.94197073152681
71400 97.29938303039354
72000 80.44107422803555
72600 63.39913507342057
73200 46.20600586633059
73800 28.894414705404238
74400 11.497315188343226
75000 0.0
75600 0.0
76200 0.0
76800 0.0
77400 0.0
78000 0.0
78600 0.0
79200 0.0
79800 0.0
80400 0.0
81000 0.0
81600 0.0
82200 0.0
82800 0.0
83400 0.0
84000 0.0
84600 0.0
85200 0.0
85800 0.0
86400 0.0
