# campaign: 2025-09-24 20:00:00 2025-09-25 20:00:00
# time[s] temperature 2m [˚C]
0 11.4000488281
600 11.3101440430
1200 11.2202392578
1800 11.1303344727
2400 11.0404296875
3000 10.9505249023
3600 10.8606201172
4200 10.7778259277
4800 10.6950317383
5400 10.6122375488
6000 10.5294433594
6600 10.4466491699
7200 10.3638549805
7800 10.2682535807
8400 10.1726521810
9000 10.0770507813
9600 9.9814493815
10200 9.8858479818
10800 9.7902465820
11400 9.7534220378
12000 9.7165974935
12600 9.6797729492
13200 9.6429484049
13800 9.6061238607
14400 9.5692993164
15000 9.5745432536
15600 9.5797871908
16200 9.5850311279
16800 9.5902750651
17400 9.5955190023
18000 9.6007629395
18600 9.5674936930
19200 9.5342244466
19800 9.5009552002
20400 9.4676859538
21000 9.4344167074
21600 9.4011474609
22200 9.3718556722
22800 9.3425638835
23400 9.3132720947
24000 9.2839803060
24600 9.2546885173
25200 9.2253967285
25800 9.2012064616
26400 9.1770161947
27000 9.1528259277
27600 9.1286356608
28200 9.1044453939
28800 9.0802551270
29400 9.0663848877
30000 9.0525146484
30600 9.0386444092
31200 9.0247741699
31800 9.0109039307
32400 8.9970336914
33000 8.9843688965
33600 8.9717041016
34200 8.9590393066
34800 8.9463745117
35400 8.9337097168
36000 8.9210449219
36600 8.9803609212
37200 9.0396769206
37800 9.0989929199
38400 9.1583089193
39000 9.2176249186
39600 9.2769409180
40200 9.2786600749
40800 9.2803792318
41400 9.2820983887
42000 9.2838175456
42600 9.2855367025
43200 9.2872558594
43800 9.2908264160
44400 9.2943969727
45000 9.2979675293
45600 9.3015380859
46200 9.3051086426
46800 9.3086791992
47400 9.3034250895
48000 9.2981709798
48600 9.2929168701
49200 9.2876627604
49800 9.2824086507
50400 9.2771545410
51000 9.2955159505
51600 9.3138773600
52200 9.3322387695
52800 9.3506001790
53400 9.3689615885
54000 9.3873229980
54600 9.4002878825
55200 9.4132527669
55800 9.4262176514
56400 9.4391825358
57000 9.4521474202
57600 9.4651123047
58200 9.4645884196
58800 9.4640645345
59400 9.4635406494
60000 9.4630167643
60600 9.4624928792
61200 9.4619689941
61800 9.5059143066
62400 9.5498596191
63000 9.5938049316
63600 9.6377502441
64200 9.6816955566
64800 9.7256408691
65400 9.7427459717
66000 9.7598510742
66600 9.7769561768
67200 9.7940612793
67800 9.8111663818
68400 9.8282714844
69000 9.8361755371
69600 9.8440795898
70200 9.8519836426
70800 9.8598876953
71400 9.8677917480
72000 9.8756958008
72600 9.8740427653
73200 9.8723897298
73800 9.8707366943
74400 9.8690836589
75000 9.8674306234
75600 9.8657775879
76200 9.8704162598
76800 9.8750549316
77400 9.8796936035
78000 9.8843322754
78600 9.8889709473
79200 9.8936096191
79800 9.7997477214
80400 9.7058858236
81000 9.6120239258
81600 9.5181620280
82200 9.4243001302
82800 9.3304382324
83400 9.3499847412
84000 9.3695312500
84600 9.3890777588
85200 9.4086242676
85800 9.4281707764
86400 9.4477172852
