# campaign: 2025-09-24 20:00:00 2025-09-25 20:00:00
# time[s] temperature 2m [˚C]
0 11.400048828125023
3600 10.860620117187523
7200 10.363854980468773
10800 9.790246582031273
14400 9.569299316406273
18000 9.600762939453148
21600 9.401147460937523
25200 9.225396728515648
28800 9.080255126953148
32400 8.997033691406273
36000 8.921044921875023
39600 9.276940917968773
43200 9.287255859375023
46800 9.308679199218773
50400 9.277154541015648
54000 9.387322998046898
57600 9.465112304687523
61200 9.461968994140648
64800 9.725640869140648
68400 9.828271484375023
72000 9.875695800781273
75600 9.865777587890648
79200 9.893609619140648
82800 9.330438232421898
86400 9.447717285156273
