# campaign: 2025-09-24 20:00:00 2025-09-25 20:00:00
# time[s] windspeed 10m [m/s]
0 5.2451979730
600 5.2282796479
1200 5.2113613227
1800 5.1944429976
2400 5.1775246725
3000 5.1606063473
3600 5.1436880222
4200 5.1216977897
4800 5.0997075573
5400 5.0777173248
6000 5.0557270923
6600 5.0337368599
7200 5.0117466274
7800 4.9912606869
8400 4.9707747464
9000 4.9502888059
9600 4.9298028654
10200 4.9093169249
10800 4.8888309844
11400 4.8904764085
12000 4.8921218326
12600 4.8937672567
13200 4.8954126808
13800 4.8970581049
14400 4.8987035290
15000 4.8915173714
15600 4.8843312137
16200 4.8771450561
16800 4.8699588985
17400 4.8627727409
18000 4.8555865833
18600 4.8334442662
19200 4.8113019491
19800 4.7891596319
20400 4.7670173148
21000 4.7448749977
21600 4.7227326806
22200 4.6991869391
22800 4.6756411976
23400 4.6520954561
24000 4.6285497146
24600 4.6050039731
25200 4.5814582316
25800 4.5549886862
26400 4.5285191409
27000 4.5020495955
27600 4.4755800502
28200 4.4491105049
28800 4.4226409595
29400 4.4033140335
30000 4.3839871075
30600 4.3646601815
31200 4.3453332555
31800 4.3260063294
32400 4.3066794034
33000 4.3015127740
33600 4.2963461447
34200 4.2911795153
34800 4.2860128859
35400 4.2808462565
36000 4.2756796272
36600 4.3069199152
37200 4.3381602033
37800 4.3694004914
38400 4.4006407795
39000 4.4318810676
39600 4.4631213556
40200 4.5077291699
40800 4.5523369842
41400 4.5969447985
42000 4.6415526128
42600 4.6861604271
43200 4.7307682413
43800 4.7360360856
44400 4.7413039298
45000 4.7465717740
45600 4.7518396182
46200 4.7571074624
46800 4.7623753066
47400 4.7167022035
48000 4.6710291005
48600 4.6253559974
49200 4.5796828943
49800 4.5340097912
50400 4.4883366881
51000 4.4233309858
51600 4.3583252835
52200 4.2933195812
52800 4.2283138788
53400 4.1633081765
54000 4.0983024742
54600 4.0738562623
55200 4.0494100504
55800 4.0249638385
56400 4.0005176266
57000 3.9760714147
57600 3.9516252029
58200 3.8846938799
58800 3.8177625569
59400 3.7508312340
60000 3.6838999110
60600 3.6169685880
61200 3.5500372651
61800 3.6994746404
62400 3.8489120156
63000 3.9983493909
63600 4.1477867662
64200 4.2972241415
64800 4.4466615168
65400 4.3285946058
66000 4.2105276948
66600 4.0924607838
67200 3.9743938728
67800 3.8563269618
68400 3.7382600507
69000 3.7199488831
69600 3.7016377154
70200 3.6833265478
70800 3.6650153801
71400 3.6467042124
72000 3.6283930448
72600 3.5756946528
73200 3.5229962609
73800 3.4702978689
74400 3.4175994770
75000 3.3649010851
75600 3.3122026931
76200 3.2744869762
76800 3.2367712593
77400 3.1990555423
78000 3.1613398254
78600 3.1236241085
79200 3.0859083915
79800 2.9828021376
80400 2.8796958837
81000 2.7765896298
81600 2.6734833759
82200 2.5703771219
82800 2.4672708680
83400 2.4383891715
84000 2.4095074749
84600 2.3806257783
85200 2.3517440818
85800 2.3228623852
86400 2.2939806886
