# time wind speed 10m
0 5.245197973022507
3600 5.14368802218828
7200 5.011746627428297
10800 4.888830984402443
14400 4.898703528982008
18000 4.855586583284576
21600 4.722732680604869
25200 4.5814582315691235
28800 4.422640959522763
32400 4.306679403427481
36000 4.275679627155843
39600 4.463121355640727
43200 4.730768241339254
46800 4.762375306633861
50400 4.4883366881164735
54000 4.098302474203552
57600 3.951625202852383
61200 3.5500372650573033
64800 4.446661516826577
68400 3.738260050741536
72000 3.628393044763309
75600 3.312202693130208
79200 3.0859083915219756
82800 2.4672708680335207
86400 2.293980688624251
